0.000	0.000	50.000	50.000	70.120	70.147	0.000
1.000	0.000	50.000	50.000	70.240	70.162	0.000
2.000	0.000	50.000	50.000	70.350	70.199	0.000
3.000	0.000	50.000	50.000	70.260	70.229	0.000
4.000	0.000	50.000	50.000	70.330	70.251	0.000
5.000	0.000	50.000	50.000	70.190	70.260	0.000
6.000	0.000	50.000	50.000	70.100	70.241	0.000
7.000	0.000	50.000	50.000	69.790	70.182	0.000
8.000	0.000	50.000	50.000	69.870	70.110	0.000
9.000	0.000	50.000	50.000	70.080	70.087	0.000
10.000	0.000	50.000	50.000	69.880	70.070	0.000
11.000	0.000	50.000	50.000	70.020	70.050	0.000
12.000	0.000	50.000	50.000	69.830	70.029	0.000
13.000	0.000	50.000	50.000	70.000	70.010	0.000
14.000	0.000	50.000	50.000	70.210	70.039	0.000
15.000	0.000	50.000	50.000	70.230	70.086	0.000
16.000	0.000	50.000	50.000	69.960	70.095	0.000
17.000	0.000	50.000	50.000	70.060	70.083	0.000
18.000	0.000	50.000	50.000	70.070	70.086	0.000
19.000	0.000	50.000	50.000	70.060	70.088	0.000
20.000	0.000	50.000	50.000	69.860	70.067	0.000
21.000	0.000	50.000	50.000	69.640	70.003	0.000
22.000	0.000	50.000	50.000	69.530	69.916	0.000
23.000	0.000	50.000	50.000	69.620	69.846	0.000
24.000	0.000	50.000	50.000	69.260	69.762	0.000
25.000	0.000	50.000	50.000	69.220	69.652	0.000
26.000	0.000	50.000	50.000	69.270	69.568	0.000
27.000	0.000	50.000	50.000	69.250	69.506	0.000
28.000	0.000	50.000	50.000	69.500	69.483	0.000
29.000	0.000	50.000	50.000	69.460	69.489	0.000
30.000	0.000	50.000	50.000	69.490	69.493	0.000
31.000	0.000	50.000	50.000	69.390	69.488	0.000
32.000	0.000	50.000	50.000	69.280	69.461	0.000
33.000	0.000	50.000	50.000	69.250	69.424	0.000
34.000	0.000	50.000	50.000	69.050	69.369	0.000
35.000	0.000	50.000	50.000	69.560	69.362	0.000
36.000	0.000	50.000	50.000	69.800	69.440	0.000
37.000	0.000	50.000	50.000	69.940	69.544	0.000
38.000	0.000	50.000	50.000	70.130	69.661	0.000
39.000	0.000	50.000	50.000	70.420	69.806	0.000
40.000	0.000	50.000	50.000	70.500	69.959	0.000
41.000	0.000	50.000	50.000	70.560	70.094	0.000
42.000	0.000	50.000	50.000	70.590	70.209	0.000
43.000	0.000	50.000	50.000	70.660	70.310	0.000
44.000	0.000	50.000	50.000	70.480	70.375	0.000
45.000	0.000	50.000	50.000	70.610	70.420	0.000
46.000	0.000	50.000	50.000	70.660	70.475	0.000
47.000	0.000	50.000	50.000	70.940	70.555	0.000
48.000	0.000	50.000	50.000	71.020	70.658	0.000
49.000	0.000	50.000	50.000	70.950	70.738	0.000
50.000	0.000	50.000	50.000	70.860	70.783	0.000
51.000	0.000	50.000	50.000	70.460	70.762	0.000
52.000	0.000	50.000	50.000	70.350	70.689	0.000
53.000	0.000	50.000	50.000	70.400	70.626	0.000
54.000	0.000	50.000	50.000	70.500	70.593	0.000
55.000	0.000	50.000	50.000	70.440	70.573	0.000
56.000	0.000	50.000	50.000	70.510	70.558	0.000
57.000	0.000	50.000	50.000	70.610	70.565	0.000
58.000	0.000	50.000	50.000	70.630	70.585	0.000
59.000	0.000	50.000	50.000	70.610	70.600	0.000
60.000	0.000	50.000	50.000	70.390	70.584	0.000
61.000	0.000	50.000	50.000	70.350	70.543	0.000
62.000	0.000	50.000	50.000	70.210	70.491	0.000
63.000	0.000	50.000	50.000	70.000	70.412	0.000
64.000	0.000	50.000	50.000	70.110	70.339	0.000
65.000	0.000	50.000	50.000	70.060	70.289	0.000
66.000	0.000	50.000	50.000	70.020	70.240	0.000
67.000	0.000	50.000	50.000	70.040	70.200	0.000
68.000	0.000	50.000	50.000	70.080	70.176	0.000
69.000	0.000	50.000	50.000	70.120	70.166	0.000
70.000	0.000	50.000	50.000	70.000	70.149	0.000
71.000	0.000	50.000	50.000	69.950	70.117	0.000
72.000	0.000	50.000	50.000	70.060	70.099	0.000
73.000	0.000	50.000	50.000	70.170	70.109	0.000
74.000	0.000	50.000	50.000	70.150	70.128	0.000
75.000	0.000	50.000	50.000	70.220	70.148	0.000
76.000	0.000	50.000	50.000	70.550	70.208	0.000
77.000	0.000	50.000	50.000	70.470	70.283	0.000
78.000	0.000	50.000	50.000	70.660	70.353	0.000
79.000	0.000	50.000	50.000	70.650	70.428	0.000
80.000	0.000	50.000	50.000	70.340	70.450	0.000
81.000	0.000	50.000	50.000	70.280	70.426	0.000
82.000	0.000	50.000	50.000	70.140	70.384	0.000
83.000	0.000	50.000	50.000	69.950	70.315	0.000
84.000	0.000	50.000	50.000	70.060	70.253	0.000
85.000	0.000	50.000	50.000	69.840	70.192	0.000
86.000	0.000	50.000	50.000	70.120	70.151	0.000
87.000	0.000	50.000	50.000	70.060	70.145	0.000
88.000	0.000	50.000	50.000	70.330	70.163	0.000
89.000	0.000	50.000	50.000	70.250	70.198	0.000
90.000	0.000	50.000	50.000	70.020	70.191	0.000
91.000	0.000	50.000	50.000	70.190	70.179	0.000
92.000	0.000	50.000	50.000	70.040	70.172	0.000
93.000	0.000	50.000	50.000	69.840	70.127	0.000
94.000	0.000	50.000	50.000	69.900	70.076	0.000
95.000	0.000	50.000	50.000	70.010	70.056	0.000
96.000	0.000	50.000	50.000	69.930	70.044	0.000
97.000	0.000	50.000	50.000	69.950	70.027	0.000
98.000	0.000	50.000	50.000	69.990	70.022	0.000
99.000	0.000	50.000	50.000	69.910	70.012	0.000
100.000	0.000	50.000	50.000	69.770	69.981	0.000
101.000	0.000	50.000	50.000	69.900	69.955	0.000
102.000	0.000	50.000	50.000	70.220	69.986	0.000
103.000	0.000	50.000	50.000	70.110	70.033	0.000
104.000	0.000	50.000	50.000	69.920	70.036	0.000
105.000	0.000	50.000	50.000	69.930	70.018	0.000
106.000	0.000	50.000	50.000	69.890	70.001	0.000
107.000	0.000	50.000	50.000	69.990	69.994	0.000
108.000	0.000	50.000	50.000	70.140	70.017	0.000
109.000	0.000	50.000	50.000	70.020	70.038	0.000
110.000	0.000	50.000	50.000	70.230	70.065	0.000
111.000	0.000	50.000	50.000	70.320	70.119	0.000
112.000	0.000	50.000	50.000	70.280	70.167	0.000
113.000	0.000	50.000	50.000	70.100	70.179	0.000
114.000	0.000	50.000	50.000	69.900	70.146	0.000
115.000	0.000	50.000	50.000	70.160	70.127	0.000
116.000	0.000	50.000	50.000	70.240	70.150	0.000
117.000	0.000	50.000	50.000	70.420	70.198	0.000
118.000	0.000	50.000	50.000	70.500	70.263	0.000
119.000	0.000	50.000	50.000	70.350	70.307	0.000
120.000	0.000	50.000	50.000	70.080	70.293	0.000
121.130	0.000	50.000	50.000	70.080	70.252	0.000
122.000	0.000	50.000	50.000	69.830	70.193	0.000
123.000	0.000	50.000	50.000	70.160	70.155	0.000
124.000	0.000	50.000	50.000	70.130	70.160	0.000
125.000	0.000	50.000	50.000	69.990	70.145	0.000
126.000	0.000	50.000	50.000	70.020	70.120	0.000
127.000	0.000	50.000	50.000	70.070	70.110	0.000
128.000	0.000	50.000	50.000	70.150	70.117	0.000
129.000	0.000	50.000	50.000	70.250	70.143	0.000
130.000	0.000	50.000	50.000	70.210	70.169	0.000
131.000	0.000	50.000	50.000	70.370	70.204	0.000
132.000	0.000	50.000	50.000	70.600	70.274	0.000
133.000	0.000	50.000	50.000	70.640	70.358	0.000
134.000	0.000	50.000	50.000	70.290	70.389	0.000
135.000	0.000	50.000	50.000	70.260	70.371	0.000
136.000	0.000	50.000	50.000	70.280	70.355	0.000
137.000	0.000	50.000	50.000	70.450	70.364	0.000
138.000	0.000	50.000	50.000	70.550	70.402	0.000
139.000	0.000	50.000	50.000	70.680	70.457	0.000
140.000	0.000	50.000	50.000	70.540	70.498	0.000
141.000	0.000	50.000	50.000	70.390	70.498	0.000
142.000	0.000	50.000	50.000	70.250	70.465	0.000
143.000	0.000	50.000	50.000	70.430	70.444	0.000
144.000	0.000	50.000	50.000	70.630	70.470	0.000
145.000	0.000	50.000	50.000	70.710	70.522	0.000
146.000	0.000	50.000	50.000	70.690	70.569	0.000
147.000	0.000	50.000	50.000	70.780	70.613	0.000
148.000	0.000	50.000	50.000	70.860	70.667	0.000
149.000	0.000	50.000	50.000	71.030	70.736	0.000
150.000	0.000	50.000	50.000	70.870	70.791	0.000
151.000	0.000	50.000	50.000	70.600	70.786	0.000
152.000	0.000	50.000	50.000	70.640	70.756	0.000
153.000	0.000	50.000	50.000	70.570	70.729	0.000
154.000	0.000	50.000	50.000	70.440	70.686	0.000
155.000	0.000	50.000	50.000	70.250	70.616	0.000
156.000	0.000	50.000	50.000	70.210	70.537	0.000
157.000	0.000	50.000	50.000	69.980	70.445	0.000
158.000	0.000	50.000	50.000	69.910	70.340	0.000
159.000	0.000	50.000	50.000	69.940	70.254	0.000
160.000	0.000	50.000	50.000	69.920	70.188	0.000
161.000	0.000	50.000	50.000	70.120	70.157	0.000
162.000	0.000	50.000	50.000	70.230	70.168	0.000
163.000	0.000	50.000	50.000	70.110	70.176	0.000
164.000	0.000	50.000	50.000	70.370	70.197	0.000
165.000	0.000	50.000	50.000	70.480	70.255	0.000
166.000	0.000	50.000	50.000	70.270	70.289	0.000
167.000	0.000	50.000	50.000	70.550	70.323	0.000
168.000	0.000	50.000	50.000	70.460	70.371	0.000
169.000	0.000	50.000	50.000	70.490	70.401	0.000
170.000	0.000	50.000	50.000	70.540	70.434	0.000
171.000	0.000	50.000	50.000	70.340	70.442	0.000
172.000	0.000	50.000	50.000	70.120	70.402	0.000
173.000	0.000	50.000	50.000	70.280	70.364	0.000
174.000	0.000	50.000	50.000	70.150	70.337	0.000
175.000	0.000	50.000	50.000	70.310	70.320	0.000
176.000	0.000	50.000	50.000	70.170	70.309	0.000
177.000	0.000	50.000	50.000	69.760	70.239	0.000
178.000	0.000	50.000	50.000	70.020	70.168	0.000
179.000	0.000	50.000	50.000	70.110	70.152	0.000
180.000	0.000	50.000	50.000	70.040	70.141	0.000
181.000	0.000	50.000	50.000	70.040	70.126	0.000
182.000	0.000	50.000	50.000	70.280	70.140	0.000
183.000	0.000	50.000	50.000	70.410	70.193	0.000
184.000	0.000	50.000	50.000	70.410	70.249	0.000
185.000	0.000	50.000	50.000	70.380	70.289	0.000
186.000	0.000	50.000	50.000	70.250	70.302	0.000
187.000	0.000	50.000	50.000	70.240	70.296	0.000
188.000	0.000	50.000	50.000	70.460	70.315	0.000
189.000	0.000	50.000	50.000	70.460	70.355	0.000
190.000	0.000	50.000	50.000	70.410	70.380	0.000
191.000	0.000	50.000	50.000	70.250	70.376	0.000
192.000	0.000	50.000	50.000	70.210	70.350	0.000
193.000	0.000	50.000	50.000	70.410	70.348	0.000
194.000	0.000	50.000	50.000	70.260	70.352	0.000
195.000	0.000	50.000	50.000	70.170	70.328	0.000
196.000	0.000	50.000	50.000	70.110	70.293	0.000
197.000	0.000	50.000	50.000	70.190	70.268	0.000
198.000	0.000	50.000	50.000	70.180	70.256	0.000
199.000	0.000	50.000	50.000	70.140	70.242	0.000
200.000	0.000	50.000	50.000	70.100	70.222	0.000
201.000	0.000	50.000	50.000	70.170	70.209	0.000
202.000	0.000	50.000	50.000	70.160	70.206	0.000
203.000	0.000	50.000	50.000	69.970	70.182	0.000
204.000	0.000	50.000	50.000	69.930	70.137	0.000
205.000	0.000	50.000	50.000	69.910	70.095	0.000
206.000	0.000	50.000	50.000	69.880	70.057	0.000
207.000	0.000	50.000	50.000	69.750	70.010	0.000
208.000	0.000	50.000	50.000	69.580	69.939	0.000
209.000	0.000	50.000	50.000	69.600	69.868	0.000
210.000	0.000	50.000	50.000	69.770	69.834	0.000
211.000	0.000	50.000	50.000	69.620	69.810	0.000
212.000	0.000	50.000	50.000	69.800	69.794	0.000
213.000	0.000	50.000	50.000	69.730	69.795	0.000
214.000	0.000	50.000	50.000	69.880	69.804	0.000
215.000	0.000	50.000	50.000	69.820	69.821	0.000
216.000	0.000	50.000	50.000	70.210	69.872	0.000
217.000	0.000	50.000	50.000	69.910	69.921	0.000
218.000	0.000	50.000	50.000	69.930	69.928	0.000
219.000	0.000	50.000	50.000	70.020	69.945	0.000
220.000	0.000	50.000	50.000	70.040	69.971	0.000
221.000	0.000	50.000	50.000	70.030	69.993	0.000
222.000	0.000	50.000	50.000	69.930	69.997	0.000
223.000	0.000	50.000	50.000	70.070	70.005	0.000
224.000	0.000	50.000	50.000	70.040	70.023	0.000
225.000	0.000	50.000	50.000	70.130	70.044	0.000
226.000	0.000	50.000	50.000	69.910	70.045	0.000
227.000	0.000	50.000	50.000	70.050	70.038	0.000
228.000	0.000	50.000	50.000	70.230	70.068	0.000
229.000	0.000	50.000	50.000	70.020	70.088	0.000
230.000	0.000	50.000	50.000	70.050	70.083	0.000
231.000	0.000	50.000	50.000	70.200	70.099	0.000
232.000	0.000	50.000	50.000	70.390	70.150	0.000
233.000	0.000	50.000	50.000	70.210	70.191	0.000
234.000	0.000	50.000	50.000	70.140	70.194	0.000
235.000	0.000	50.000	50.000	70.060	70.180	0.000
236.000	0.000	50.000	50.000	69.890	70.141	0.000
237.000	0.000	50.000	50.000	69.850	70.087	0.000
238.000	0.000	50.000	50.000	69.790	70.034	0.000
239.000	0.000	50.000	50.000	69.910	70.000	0.000
240.000	0.000	50.000	50.000	70.190	70.018	0.000
241.000	0.000	50.000	50.000	70.120	70.056	0.000
242.000	0.000	50.000	50.000	70.130	70.078	0.000
243.000	0.000	50.000	50.000	69.950	70.077	0.000
244.000	0.000	50.000	50.000	69.930	70.053	0.000
245.000	0.000	50.000	50.000	69.960	70.036	0.000
246.000	0.000	50.000	50.000	70.010	70.031	0.000
247.000	0.000	50.000	50.000	69.970	70.029	0.000
248.000	0.000	50.000	50.000	70.080	70.035	0.000
249.000	0.000	50.000	50.000	69.930	70.035	0.000
250.000	0.000	50.000	50.000	70.620	70.096	0.000
251.000	0.000	50.000	50.000	70.890	70.251	0.000
252.000	0.000	50.000	50.000	70.890	70.401	0.000
253.000	0.000	50.000	50.000	70.800	70.508	0.000
254.000	0.000	50.000	50.000	70.840	70.585	0.000
255.000	0.000	50.000	50.000	71.020	70.670	0.000
256.000	0.000	50.000	50.000	71.050	70.759	0.000
257.000	0.000	50.000	50.000	71.270	70.856	0.000
258.000	0.000	50.000	50.000	71.220	70.950	0.000
259.000	0.000	50.000	50.000	71.180	71.013	0.000
260.000	0.000	50.000	50.000	71.110	71.050	0.000
261.000	0.000	50.000	50.000	70.800	71.036	0.000
262.000	0.000	50.000	50.000	70.460	70.952	0.000
263.000	0.000	50.000	50.000	70.470	70.850	0.000
264.000	0.000	50.000	50.000	70.860	70.815	0.000
265.000	0.000	50.000	50.000	70.870	70.834	0.000
266.000	0.000	50.000	50.000	70.910	70.853	0.000
267.000	0.000	50.000	50.000	70.930	70.875	0.000
268.000	0.000	50.000	50.000	70.910	70.892	0.000
269.000	0.000	50.000	50.000	70.810	70.892	0.000
270.000	0.000	50.000	50.000	70.650	70.863	0.000
271.000	0.000	50.000	50.000	70.580	70.814	0.000
272.000	0.000	50.000	50.000	70.860	70.800	0.000
273.000	0.000	50.000	50.000	70.720	70.805	0.000
274.000	0.000	50.000	50.000	70.600	70.780	0.000
275.000	0.000	50.000	50.000	70.490	70.734	0.000
276.000	0.000	50.000	50.000	70.650	70.704	0.000
277.000	0.000	50.000	50.000	70.700	70.705	0.000
278.000	0.000	50.000	50.000	70.800	70.722	0.000
279.000	0.000	50.000	50.000	70.990	70.768	0.000
280.000	0.000	50.000	50.000	70.980	70.824	0.000
281.000	0.000	50.000	50.000	70.890	70.856	0.000
282.000	0.000	50.000	50.000	71.000	70.883	0.000
283.000	0.000	50.000	50.000	70.790	70.893	0.000
284.000	0.000	50.000	50.000	70.930	70.892	0.000
285.000	0.000	50.000	50.000	70.890	70.903	0.000
286.000	0.000	50.000	50.000	70.880	70.906	0.000
287.000	0.000	50.000	50.000	70.780	70.896	0.000
288.000	0.000	50.000	50.000	70.690	70.867	0.000
289.000	0.000	50.000	50.000	70.450	70.808	0.000
290.000	0.000	50.000	50.000	70.450	70.734	0.000
291.000	0.000	70.000	50.000	70.450	70.678	0.000
292.000	0.000	70.000	70.000	70.360	70.624	0.000
293.000	0.000	70.000	70.000	70.250	70.559	0.000
294.000	0.000	70.000	70.000	70.210	70.492	0.000
295.000	0.000	70.000	70.000	70.190	70.434	0.000
296.000	0.000	70.000	70.000	70.420	70.412	0.000
297.000	0.000	70.000	70.000	70.620	70.443	0.000
298.000	0.000	70.000	70.000	70.760	70.506	0.000
299.000	0.000	70.000	70.000	70.730	70.566	0.000
300.000	0.000	70.000	70.000	70.740	70.611	0.000
301.000	0.000	70.000	70.000	70.470	70.617	0.000
302.000	0.000	70.000	70.000	70.350	70.578	0.000
303.000	0.000	70.000	70.000	70.400	70.539	0.000
304.165	0.000	70.000	70.000	70.560	70.533	0.000
305.000	0.000	70.000	70.000	70.550	70.545	0.000
306.000	0.000	70.000	70.000	70.410	70.537	0.000
307.000	0.000	70.000	70.000	70.540	70.530	0.000
308.000	0.000	70.000	70.000	70.670	70.554	0.000
309.000	0.000	70.000	70.000	70.750	70.596	0.000
310.000	0.000	70.000	70.000	70.870	70.651	0.000
311.000	0.000	70.000	70.000	70.990	70.721	0.000
312.000	0.000	70.000	70.000	70.900	70.778	0.000
313.000	0.000	70.000	70.000	70.790	70.800	0.000
314.000	0.000	70.000	70.000	71.010	70.830	0.000
315.000	0.000	70.000	70.000	71.000	70.876	0.000
316.000	0.000	70.000	70.000	70.990	70.910	0.000
317.000	0.000	70.000	70.000	70.990	70.935	0.000
318.000	0.000	70.000	70.000	71.130	70.970	0.000
319.000	0.000	70.000	70.000	70.980	70.996	0.000
320.000	0.000	70.000	70.000	71.130	71.017	0.000
321.000	0.000	70.000	70.000	71.540	71.095	0.000
322.000	0.000	70.000	70.000	71.590	71.208	0.000
323.000	0.000	70.000	70.000	71.710	71.314	0.000
324.000	0.000	70.000	70.000	71.830	71.423	0.000
325.000	0.000	70.000	70.000	71.900	71.530	0.000
326.000	0.000	70.000	70.000	72.040	71.636	0.000
327.000	0.000	70.000	70.000	72.340	71.767	0.000
328.000	0.000	70.000	70.000	72.580	71.930	0.000
329.000	0.000	70.000	70.000	72.420	72.065	0.000
330.000	0.000	70.000	70.000	72.480	72.159	0.000
331.000	0.000	70.000	70.000	72.580	72.249	0.000
332.000	0.000	70.000	70.000	72.530	72.325	0.000
333.000	0.000	70.000	70.000	72.460	72.370	0.000
334.000	0.000	70.000	70.000	72.500	72.402	0.000
335.000	0.000	70.000	70.000	72.550	72.437	0.000
336.000	0.000	70.000	70.000	72.840	72.502	0.000
337.000	0.000	70.000	70.000	72.940	72.596	0.000
338.000	0.000	70.000	70.000	72.930	72.680	0.000
339.000	0.000	70.000	70.000	72.890	72.739	0.000
340.000	0.000	70.000	70.000	72.900	72.781	0.000
341.122	0.000	70.000	70.000	72.710	72.794	0.000
342.000	0.000	70.000	70.000	72.780	72.790	0.000
343.000	0.000	70.000	70.000	72.890	72.807	0.000
344.000	0.000	70.000	70.000	73.000	72.846	0.000
345.000	0.000	70.000	70.000	73.110	72.900	0.000
346.000	0.000	70.000	70.000	73.270	72.972	0.000
347.000	0.000	70.000	70.000	73.490	73.071	0.000
348.000	0.000	70.000	70.000	73.580	73.182	0.000
349.000	0.000	70.000	70.000	73.830	73.307	0.000
350.000	0.000	70.000	70.000	73.930	73.443	0.000
351.000	0.000	70.000	70.000	74.150	73.584	0.000
352.000	0.000	70.000	70.000	74.060	73.708	0.000
353.000	0.000	70.000	70.000	74.190	73.809	0.000
354.000	0.000	70.000	70.000	74.180	73.901	0.000
355.000	0.000	70.000	70.000	74.060	73.958	0.000
356.000	0.000	70.000	70.000	74.070	73.989	0.000
357.000	0.000	70.000	70.000	74.090	74.017	0.000
358.000	0.000	70.000	70.000	74.200	74.053	0.000
359.000	0.000	70.000	70.000	74.480	74.125	0.000
360.000	0.000	70.000	70.000	74.750	74.242	0.000
361.000	0.000	70.000	70.000	75.000	74.392	0.000
362.000	0.000	70.000	70.000	75.160	74.554	0.000
363.000	0.000	70.000	70.000	75.250	74.707	0.000
364.000	0.000	70.000	70.000	75.480	74.862	0.000
365.000	0.000	70.000	70.000	75.500	75.011	0.000
366.000	0.000	70.000	70.000	75.510	75.129	0.000
367.000	0.000	70.000	70.000	75.490	75.220	0.000
368.000	0.000	70.000	70.000	75.780	75.321	0.000
369.000	0.000	70.000	70.000	75.490	75.399	0.000
370.000	0.000	70.000	70.000	75.820	75.464	0.000
371.000	0.000	70.000	70.000	75.820	75.551	0.000
372.000	0.000	70.000	70.000	75.780	75.615	0.000
373.000	0.000	70.000	70.000	75.740	75.655	0.000
374.000	0.000	70.000	70.000	75.670	75.674	0.000
375.000	0.000	70.000	70.000	75.600	75.673	0.000
376.000	0.000	70.000	70.000	75.810	75.687	0.000
377.000	0.000	70.000	70.000	76.070	75.752	0.000
378.000	0.000	70.000	70.000	76.000	75.823	0.000
379.000	0.000	70.000	70.000	75.800	75.848	0.000
380.000	0.000	70.000	70.000	75.790	75.843	0.000
381.000	0.000	70.000	70.000	75.470	75.803	0.000
382.000	0.000	70.000	70.000	75.710	75.763	0.000
383.000	0.000	70.000	70.000	75.930	75.783	0.000
384.000	0.000	70.000	70.000	76.100	75.843	0.000
385.000	0.000	70.000	70.000	76.120	75.910	0.000
386.000	0.000	70.000	70.000	75.960	75.947	0.000
387.000	0.000	70.000	70.000	76.320	75.998	0.000
388.000	0.000	70.000	70.000	76.190	76.063	0.000
389.000	0.000	70.000	70.000	76.370	76.119	0.000
390.000	0.000	70.000	70.000	76.330	76.179	0.000
391.000	0.000	70.000	70.000	76.180	76.204	0.000
392.000	0.000	70.000	70.000	76.240	76.213	0.000
393.000	0.000	70.000	70.000	76.180	76.220	0.000
394.000	0.000	70.000	70.000	76.170	76.217	0.000
395.000	0.000	70.000	70.000	76.370	76.237	0.000
396.000	0.000	70.000	70.000	76.680	76.309	0.000
397.000	0.000	70.000	70.000	77.040	76.440	0.000
398.000	0.000	70.000	70.000	77.040	76.583	0.000
399.014	0.000	70.000	70.000	77.170	76.707	0.000
400.000	0.000	70.000	70.000	77.070	76.808	0.000
401.000	0.000	70.000	70.000	77.600	76.934	0.000
402.000	0.000	70.000	70.000	77.700	77.102	0.000
403.000	0.000	70.000	70.000	77.500	77.222	0.000
404.000	0.000	70.000	70.000	77.410	77.282	0.000
405.000	0.000	70.000	70.000	77.500	77.328	0.000
406.000	0.000	70.000	70.000	77.780	77.406	0.000
407.000	0.000	70.000	70.000	77.870	77.508	0.000
408.000	0.000	70.000	70.000	78.210	77.635	0.000
409.000	0.000	70.000	70.000	78.540	77.809	0.000
410.000	0.000	70.000	70.000	78.440	77.969	0.000
411.000	0.000	70.000	70.000	78.850	78.129	0.000
412.000	0.000	70.000	70.000	79.170	78.334	0.000
413.000	0.000	70.000	70.000	79.040	78.515	0.000
414.000	0.000	70.000	70.000	79.220	78.661	0.000
415.000	0.000	70.000	70.000	79.100	78.781	0.000
416.000	0.000	70.000	70.000	79.020	78.851	0.000
417.000	0.000	70.000	70.000	78.680	78.859	0.000
418.000	0.000	70.000	70.000	79.090	78.873	0.000
419.000	0.000	70.000	70.000	79.030	78.923	0.000
420.000	0.000	70.000	70.000	79.100	78.962	0.000
421.000	0.000	70.000	70.000	79.090	79.000	0.000
422.000	0.000	70.000	70.000	79.170	79.037	0.000
423.000	0.000	70.000	70.000	79.300	79.089	0.000
424.000	0.000	70.000	70.000	79.360	79.151	0.000
425.000	0.000	70.000	70.000	79.460	79.217	0.000
426.000	0.000	70.000	70.000	79.740	79.311	0.000
427.000	0.000	70.000	70.000	80.020	79.447	0.000
428.000	0.000	70.000	70.000	79.980	79.579	0.000
429.000	0.000	70.000	70.000	80.030	79.682	0.000
430.000	0.000	70.000	70.000	80.030	79.768	0.000
431.000	0.000	70.000	70.000	79.750	79.804	0.000
432.000	0.000	70.000	70.000	79.740	79.798	0.000
433.000	0.000	70.000	70.000	79.720	79.791	0.000
434.000	0.000	70.000	70.000	80.230	79.840	0.000
435.000	0.000	70.000	70.000	80.080	79.919	0.000
436.000	0.000	70.000	70.000	80.180	79.974	0.000
437.000	0.000	70.000	70.000	80.380	80.051	0.000
438.000	0.000	70.000	70.000	80.530	80.150	0.000
439.000	0.000	70.000	70.000	80.620	80.253	0.000
440.000	0.000	70.000	70.000	80.560	80.337	0.000
441.000	0.000	70.000	70.000	80.500	80.388	0.000
442.000	0.000	70.000	70.000	80.720	80.446	0.000
443.000	0.000	70.000	70.000	80.780	80.522	0.000
444.000	0.000	70.000	70.000	80.710	80.580	0.000
445.000	0.000	70.000	70.000	81.000	80.650	0.000
446.000	0.000	70.000	70.000	81.010	80.738	0.000
447.000	0.000	70.000	70.000	80.950	80.800	0.000
448.000	0.000	70.000	70.000	81.100	80.859	0.000
449.000	0.000	70.000	70.000	80.750	80.882	0.000
450.000	0.000	70.000	70.000	80.570	80.840	0.000
451.000	0.000	70.000	70.000	80.510	80.781	0.000
452.000	0.000	70.000	70.000	80.530	80.730	0.000
453.000	0.000	70.000	70.000	80.970	80.743	0.000
454.000	0.000	70.000	70.000	81.010	80.806	0.000
455.000	0.000	70.000	70.000	81.310	80.894	0.000
456.000	0.000	70.000	70.000	81.400	81.005	0.000
457.000	0.000	70.000	70.000	81.310	81.092	0.000
458.000	0.000	70.000	70.000	81.200	81.137	0.000
459.000	0.000	70.000	70.000	80.990	81.135	0.000
460.000	0.000	70.000	70.000	80.780	81.087	0.000
461.000	0.000	70.000	70.000	80.850	81.034	0.000
462.000	0.000	70.000	70.000	81.130	81.032	0.000
463.000	0.000	70.000	70.000	81.290	81.080	0.000
464.000	0.000	70.000	70.000	80.920	81.094	0.000
465.000	0.000	70.000	70.000	81.120	81.086	0.000
466.000	0.000	70.000	70.000	81.150	81.105	0.000
467.000	0.000	70.000	70.000	81.110	81.119	0.000
468.000	0.000	70.000	70.000	81.170	81.131	0.000
469.000	0.000	70.000	70.000	81.020	81.131	0.000
470.000	0.000	70.000	70.000	81.090	81.122	0.000
471.000	0.000	70.000	70.000	81.160	81.131	0.000
472.000	0.000	70.000	70.000	81.150	81.145	0.000
473.000	0.000	70.000	70.000	81.230	81.163	0.000
474.000	0.000	70.000	70.000	81.100	81.171	0.000
475.000	0.000	70.000	70.000	81.190	81.174	0.000
476.000	0.000	70.000	70.000	81.190	81.185	0.000
477.000	0.000	70.000	70.000	81.050	81.179	0.000
478.000	0.000	70.000	70.000	81.120	81.166	0.000
479.136	0.000	70.000	70.000	81.280	81.182	0.000
480.000	0.000	70.000	70.000	81.470	81.233	0.000
481.000	0.000	70.000	70.000	81.310	81.276	0.000
482.000	0.000	70.000	70.000	81.300	81.291	0.000
483.000	0.000	70.000	70.000	81.310	81.302	0.000
484.000	0.000	70.000	70.000	80.970	81.274	0.000
485.000	0.000	70.000	70.000	81.090	81.227	0.000
486.000	0.000	70.000	70.000	81.050	81.200	0.000
487.000	0.000	70.000	70.000	81.100	81.180	0.000
488.000	0.000	70.000	70.000	81.070	81.167	0.000
489.000	0.000	70.000	70.000	81.360	81.186	0.000
490.000	0.000	70.000	70.000	81.600	81.260	0.000
491.000	0.000	70.000	70.000	81.970	81.386	0.000
492.000	0.000	70.000	70.000	81.960	81.524	0.000
493.000	0.000	70.000	70.000	81.790	81.611	0.000
494.000	0.000	70.000	70.000	81.840	81.665	0.000
495.000	0.000	70.000	70.000	82.050	81.736	0.000
496.000	0.000	70.000	70.000	82.130	81.824	0.000
497.000	0.000	70.000	70.000	82.080	81.895	0.000
498.000	0.000	70.000	70.000	81.870	81.921	0.000
499.000	0.000	70.000	70.000	81.850	81.916	0.000
500.000	0.000	70.000	70.000	82.010	81.927	0.000
501.000	0.000	70.000	70.000	82.110	81.965	0.000
502.177	0.000	70.000	70.000	81.850	81.977	0.000
503.000	0.000	70.000	70.000	82.230	81.999	0.000
504.000	0.000	70.000	70.000	82.680	82.110	0.000
505.000	0.000	70.000	70.000	82.760	82.255	0.000
506.000	0.000	70.000	70.000	82.870	82.389	0.000
507.000	0.000	70.000	70.000	82.810	82.498	0.000
508.000	0.000	70.000	70.000	82.410	82.532	0.000
509.057	0.000	70.000	70.000	82.600	82.534	0.000
510.000	0.000	70.000	70.000	82.900	82.591	0.000
511.000	0.000	70.000	70.000	83.160	82.697	0.000
512.000	0.000	70.000	70.000	83.170	82.811	0.000
513.000	0.000	70.000	70.000	83.140	82.896	0.000
514.000	0.000	70.000	70.000	83.100	82.955	0.000
515.000	0.000	70.000	70.000	83.120	82.998	0.000
516.000	0.000	70.000	70.000	83.290	83.053	0.000
517.000	0.000	70.000	70.000	83.450	83.132	0.000
518.000	0.000	70.000	70.000	83.610	83.230	0.000
519.000	0.000	70.000	70.000	83.810	83.346	0.000
520.000	0.000	70.000	70.000	83.930	83.472	0.000
521.000	0.000	70.000	70.000	84.040	83.595	0.000
522.000	0.000	70.000	70.000	83.660	83.661	0.000
523.000	0.000	70.000	70.000	83.930	83.699	0.000
524.000	0.000	70.000	70.000	83.590	83.721	0.000
525.000	0.000	70.000	70.000	83.330	83.671	0.000
526.000	0.000	70.000	70.000	83.390	83.610	0.000
527.000	0.000	70.000	70.000	83.280	83.556	0.000
528.000	0.000	70.000	70.000	83.070	83.479	0.000
529.000	0.000	70.000	70.000	82.920	83.379	0.000
530.000	0.000	70.000	70.000	82.860	83.277	0.000
531.000	0.000	70.000	70.000	82.930	83.200	0.000
532.000	0.000	70.000	70.000	82.970	83.152	0.000
533.000	0.000	70.000	70.000	83.120	83.136	0.000
534.000	0.000	70.000	70.000	83.180	83.148	0.000
535.000	0.000	70.000	70.000	83.070	83.151	0.000
536.000	0.000	70.000	70.000	82.850	83.116	0.000
537.000	0.000	70.000	70.000	82.670	83.045	0.000
538.000	0.000	70.000	70.000	82.590	82.960	0.000
539.000	0.000	70.000	70.000	83.030	82.935	0.000
540.000	0.000	70.000	70.000	83.380	83.004	0.000
541.000	0.000	70.000	70.000	83.700	83.132	0.000
542.000	0.000	70.000	70.000	83.910	83.292	0.000
543.000	0.000	70.000	70.000	83.920	83.440	0.000
544.000	0.000	70.000	70.000	83.730	83.535	0.000
545.000	0.000	70.000	70.000	83.670	83.580	0.000
546.000	0.000	70.000	70.000	83.740	83.616	0.000
547.000	0.000	70.000	70.000	83.440	83.619	0.000
548.000	0.000	70.000	70.000	83.580	83.603	0.000
549.000	0.000	70.000	70.000	84.020	83.655	0.000
550.000	0.000	70.000	70.000	84.120	83.757	0.000
551.000	0.000	70.000	70.000	84.350	83.872	0.000
552.000	0.000	70.000	70.000	84.290	83.981	0.000
553.000	0.000	70.000	70.000	84.150	84.043	0.000
554.000	0.000	70.000	70.000	84.110	84.071	0.000
555.000	0.000	70.000	70.000	83.980	84.074	0.000
556.000	0.000	70.000	70.000	83.830	84.044	0.000
557.000	0.000	70.000	70.000	83.740	83.994	0.000
558.000	0.000	70.000	70.000	83.970	83.972	0.000
559.000	0.000	70.000	70.000	84.130	83.998	0.000
560.000	0.000	70.000	70.000	84.220	84.046	0.000
561.000	0.000	70.000	70.000	84.720	84.149	0.000
562.000	0.000	70.000	70.000	84.420	84.252	0.000
563.000	0.000	70.000	70.000	84.070	84.259	0.000
564.000	0.000	70.000	70.000	84.040	84.222	0.000
565.000	0.000	70.000	70.000	84.200	84.207	0.000
566.000	0.000	70.000	70.000	84.530	84.251	0.000
567.000	0.000	70.000	70.000	84.590	84.329	0.000
568.000	0.000	70.000	70.000	85.160	84.460	0.000
569.000	0.000	70.000	70.000	85.330	84.644	0.000
570.000	0.000	70.000	70.000	85.310	84.805	0.000
571.000	0.000	70.000	70.000	85.250	84.920	0.000
572.000	0.000	70.000	70.000	85.020	84.977	0.000
573.000	0.000	70.000	70.000	84.830	84.973	0.000
574.000	0.000	70.000	70.000	84.750	84.941	0.000
575.000	0.000	70.000	70.000	84.950	84.929	0.000
576.000	0.000	70.000	70.000	85.090	84.958	0.000
577.000	0.000	70.000	70.000	85.310	85.021	0.000
578.000	0.000	70.000	70.000	85.380	85.102	0.000
579.000	0.000	70.000	70.000	85.010	85.131	0.000
580.000	0.000	70.000	70.000	84.650	85.072	0.000
581.000	0.000	70.000	70.000	84.280	84.944	0.000
582.000	0.000	70.000	70.000	84.230	84.798	0.000
583.000	0.000	70.000	70.000	84.410	84.699	0.000
584.000	0.000	70.000	70.000	84.940	84.702	0.000
585.000	0.000	70.000	70.000	85.070	84.779	0.000
586.000	0.000	70.000	70.000	85.220	84.869	0.000
587.000	0.000	70.000	70.000	85.230	84.958	0.000
588.000	0.000	70.000	70.000	85.330	85.039	0.000
589.000	0.000	70.000	70.000	84.960	85.071	0.000
590.000	0.000	70.000	70.000	84.800	85.037	0.000
591.000	0.000	70.000	70.000	84.670	84.977	0.000
592.000	0.000	70.000	70.000	84.850	84.937	0.000
593.000	0.000	70.000	70.000	84.980	84.941	0.000
594.000	0.000	70.000	70.000	85.470	85.013	0.000
595.000	0.000	70.000	70.000	85.760	85.157	0.000
596.000	0.000	70.000	70.000	85.730	85.297	0.000
597.000	0.000	70.000	70.000	85.870	85.418	0.000
598.000	0.000	70.000	70.000	86.000	85.543	0.000
599.000	0.000	70.000	70.000	86.010	85.655	0.000
600.000	0.000	70.000	70.000	85.800	85.720	0.000
601.000	0.000	70.000	70.000	85.510	85.714	0.000
602.000	0.000	70.000	70.000	85.590	85.686	0.000
603.000	0.000	70.000	70.000	85.530	85.666	0.000
604.000	0.000	70.000	70.000	85.600	85.652	0.000
605.000	0.000	70.000	70.000	85.270	85.612	0.000
606.000	0.000	70.000	70.000	85.090	85.523	0.000
607.000	0.000	70.000	70.000	85.110	85.437	0.000
608.000	0.000	70.000	70.000	84.970	85.356	0.000
609.000	0.000	70.000	70.000	85.120	85.295	0.000
610.000	0.000	70.000	70.000	85.560	85.314	0.000
611.000	0.000	70.000	70.000	85.670	85.390	0.000
612.000	0.000	70.000	70.000	85.810	85.477	0.000
613.000	0.000	70.000	70.000	85.460	85.521	0.000
614.000	0.000	70.000	70.000	85.730	85.546	0.000
615.000	0.000	70.000	70.000	85.430	85.562	0.000
616.000	0.000	70.000	70.000	85.450	85.543	0.000
617.000	0.000	70.000	70.000	85.410	85.527	0.000
618.000	0.000	70.000	70.000	85.680	85.539	0.000
619.000	0.000	70.000	70.000	85.640	85.575	0.000
620.000	0.000	70.000	70.000	85.360	85.567	0.000
621.000	0.000	70.000	70.000	85.020	85.491	0.000
622.000	0.000	70.000	70.000	85.380	85.434	0.000
623.000	0.000	70.000	70.000	84.940	85.381	0.000
624.000	0.000	70.000	70.000	84.950	85.292	0.000
625.000	0.000	70.000	70.000	85.380	85.272	0.000
626.000	0.000	70.000	70.000	85.660	85.336	0.000
627.000	0.000	70.000	70.000	85.820	85.435	0.000
628.000	0.000	70.000	70.000	85.710	85.518	0.000
629.000	0.000	70.000	70.000	85.870	85.587	0.000
630.000	0.000	70.000	70.000	85.630	85.632	0.000
631.000	0.000	70.000	70.000	85.350	85.609	0.000
632.000	0.000	70.000	70.000	85.320	85.556	0.000
633.000	0.000	70.000	70.000	85.120	85.489	0.000
634.000	0.000	70.000	70.000	85.190	85.423	0.000
635.000	0.000	70.000	70.000	85.400	85.403	0.000
636.000	0.000	70.000	70.000	85.270	85.396	0.000
637.000	0.000	70.000	70.000	85.680	85.422	0.000
638.000	0.000	70.000	70.000	85.950	85.519	0.000
639.000	0.000	70.000	70.000	85.970	85.626	0.000
640.000	0.000	70.000	70.000	86.180	85.736	0.000
641.000	0.000	70.000	70.000	85.970	85.820	0.000
642.000	0.000	70.000	70.000	85.840	85.848	0.000
643.000	0.000	70.000	70.000	85.500	85.817	0.000
644.000	0.000	70.000	70.000	85.660	85.772	0.000
645.000	0.000	70.000	70.000	85.670	85.757	0.000
646.000	0.000	70.000	70.000	86.020	85.785	0.000
647.000	0.000	70.000	70.000	86.090	85.854	0.000
648.000	0.000	70.000	70.000	86.120	85.919	0.000
649.000	0.000	70.000	70.000	85.560	85.910	0.000
650.000	0.000	70.000	70.000	85.330	85.814	0.000
651.000	0.000	70.000	70.000	85.440	85.726	0.000
652.000	0.000	70.000	70.000	85.460	85.673	0.000
653.000	0.000	70.000	70.000	85.230	85.608	0.000
654.000	0.000	70.000	70.000	85.640	85.578	0.000
655.000	0.000	70.000	70.000	85.700	85.607	0.000
656.000	0.000	70.000	70.000	85.580	85.623	0.000
657.000	0.000	70.000	70.000	85.620	85.626	0.000
658.000	0.000	70.000	70.000	85.750	85.648	0.000
659.000	0.000	70.000	70.000	85.530	85.655	0.000
660.000	0.000	70.000	70.000	85.600	85.643	0.000
661.000	0.000	70.000	70.000	85.940	85.680	0.000
662.000	0.000	70.000	70.000	85.900	85.743	0.000
663.000	0.000	70.000	70.000	85.950	85.792	0.000
664.000	0.000	70.000	70.000	85.920	85.833	0.000
665.000	0.000	70.000	70.000	86.180	85.890	0.000
666.000	0.000	70.000	70.000	86.280	85.975	0.000
667.000	0.000	70.000	70.000	86.280	86.052	0.000
668.000	0.000	70.000	70.000	86.570	86.144	0.000
669.000	0.000	70.000	70.000	86.800	86.274	0.000
670.000	0.000	70.000	70.000	86.830	86.404	0.000
671.000	0.000	70.000	70.000	86.780	86.503	0.000
672.000	0.000	70.000	70.000	86.710	86.566	0.000
673.000	0.000	70.000	70.000	86.870	86.625	0.000
674.000	0.000	70.000	70.000	86.810	86.682	0.000
675.000	0.000	70.000	70.000	86.540	86.689	0.000
676.000	0.000	70.000	70.000	86.600	86.671	0.000
677.000	0.000	70.000	70.000	86.550	86.658	0.000
678.000	0.000	70.000	70.000	86.550	86.642	0.000
679.000	0.000	70.000	70.000	86.260	86.598	0.000
680.000	0.000	70.000	70.000	86.410	86.548	0.000
681.000	0.000	70.000	70.000	86.880	86.578	0.000
682.000	0.000	70.000	70.000	87.050	86.674	0.000
683.000	0.000	70.000	70.000	86.760	86.734	0.000
684.000	0.000	70.000	70.000	86.940	86.769	0.000
685.000	0.000	70.000	70.000	86.760	86.796	0.000
686.000	0.000	70.000	70.000	86.760	86.796	0.000
687.000	0.000	70.000	70.000	86.780	86.799	0.000
688.000	0.000	70.000	70.000	86.980	86.826	0.000
689.000	0.000	70.000	70.000	86.740	86.842	0.000
690.000	0.000	70.000	70.000	86.650	86.818	0.000
691.000	0.000	50.000	70.000	87.020	86.830	0.000
692.000	0.000	50.000	50.000	86.680	86.844	0.000
693.000	0.000	50.000	50.000	86.480	86.793	0.000
694.000	0.000	50.000	50.000	86.390	86.721	0.000
695.000	0.000	50.000	50.000	86.540	86.673	0.000
696.000	0.000	50.000	50.000	86.250	86.619	0.000
697.000	0.000	50.000	50.000	86.330	86.554	0.000
698.000	0.000	50.000	50.000	86.350	86.514	0.000
699.000	0.000	50.000	50.000	86.680	86.523	0.000
700.000	0.000	50.000	50.000	86.560	86.554	0.000
701.000	0.000	50.000	50.000	86.510	86.558	0.000
702.000	0.000	50.000	50.000	86.560	86.562	0.000
703.000	0.000	50.000	50.000	86.640	86.579	0.000
704.000	0.000	50.000	50.000	86.980	86.639	0.000
705.000	0.000	50.000	50.000	86.940	86.720	0.000
706.000	0.000	50.000	50.000	87.060	86.791	0.000
707.000	0.000	50.000	50.000	87.420	86.901	0.000
708.000	0.000	50.000	50.000	87.170	86.998	0.000
709.000	0.000	50.000	50.000	87.210	87.050	0.000
710.000	0.000	50.000	50.000	87.030	87.074	0.000
711.000	0.000	50.000	50.000	87.260	87.099	0.000
712.000	0.000	50.000	50.000	87.050	87.120	0.000
713.000	0.000	50.000	50.000	86.530	87.055	0.000
714.000	0.000	50.000	50.000	86.580	86.951	0.000
715.000	0.000	50.000	50.000	86.700	86.890	0.000
716.000	0.000	50.000	50.000	86.420	86.825	0.000
717.000	0.000	50.000	50.000	86.590	86.762	0.000
718.000	0.000	50.000	50.000	86.480	86.719	0.000
719.000	0.000	50.000	50.000	86.300	86.654	0.000
720.000	0.000	50.000	50.000	86.020	86.552	0.000
721.000	0.000	50.000	50.000	85.870	86.424	0.000
722.000	0.000	50.000	50.000	85.830	86.304	0.000
723.000	0.000	50.000	50.000	85.830	86.206	0.000
724.000	0.000	50.000	50.000	85.860	86.134	0.000
725.000	0.000	50.000	50.000	85.970	86.093	0.000
726.000	0.000	50.000	50.000	85.740	86.049	0.000
727.000	0.000	50.000	50.000	85.590	85.971	0.000
728.000	0.000	50.000	50.000	85.390	85.872	0.000
729.000	0.000	50.000	50.000	85.380	85.771	0.000
730.000	0.000	50.000	50.000	85.150	85.666	0.000
731.000	0.000	50.000	50.000	84.920	85.533	0.000
732.000	0.000	50.000	50.000	84.630	85.371	0.000
733.000	0.000	50.000	50.000	84.850	85.238	0.000
734.000	0.000	50.000	50.000	84.900	85.165	0.000
735.000	0.000	50.000	50.000	84.950	85.120	0.000
736.000	0.000	50.000	50.000	84.920	85.087	0.000
737.000	0.000	50.000	50.000	84.900	85.056	0.000
738.000	0.000	50.000	50.000	84.600	84.996	0.000
739.000	0.000	50.000	50.000	84.360	84.888	0.000
740.000	0.000	50.000	50.000	84.240	84.765	0.000
741.000	0.000	50.000	50.000	84.060	84.635	0.000
742.000	0.000	50.000	50.000	84.010	84.509	0.000
743.000	0.000	30.000	50.000	83.920	84.395	0.000
744.000	0.000	30.000	30.000	84.130	84.321	0.000
745.000	0.000	30.000	30.000	84.000	84.272	0.000
746.000	0.000	30.000	30.000	84.090	84.229	0.000
747.000	0.000	30.000	30.000	84.030	84.200	0.000
748.000	0.000	30.000	30.000	83.930	84.159	0.000
749.000	0.000	30.000	30.000	83.650	84.085	0.000
750.000	0.000	30.000	30.000	83.520	83.981	0.000
751.000	0.000	30.000	30.000	83.560	83.890	0.000
752.000	0.000	30.000	30.000	83.590	83.828	0.000
753.000	0.000	30.000	30.000	83.600	83.784	0.000
754.000	0.000	30.000	30.000	83.690	83.761	0.000
755.000	0.000	30.000	30.000	83.590	83.742	0.000
756.000	0.000	30.000	30.000	83.590	83.717	0.000
757.000	0.000	30.000	30.000	83.370	83.672	0.000
758.000	0.000	30.000	30.000	83.250	83.599	0.000
759.000	0.000	30.000	30.000	83.060	83.508	0.000
760.000	0.000	30.000	30.000	83.210	83.432	0.000
761.000	0.000	30.000	30.000	83.120	83.381	0.000
762.000	0.000	30.000	30.000	82.910	83.307	0.000
763.000	0.000	30.000	30.000	82.720	83.205	0.000
764.000	0.000	30.000	30.000	82.340	83.062	0.000
765.000	0.000	30.000	30.000	82.210	82.894	0.000
766.000	0.000	30.000	30.000	82.100	82.736	0.000
767.000	0.000	30.000	30.000	82.020	82.593	0.000
768.000	0.000	30.000	30.000	82.000	82.470	0.000
769.000	0.000	30.000	30.000	81.680	82.337	0.000
770.000	0.000	30.000	30.000	81.280	82.153	0.000
771.000	0.000	30.000	30.000	81.630	82.005	0.000
772.000	0.000	30.000	30.000	81.430	81.906	0.000
773.000	0.000	30.000	30.000	81.440	81.809	0.000
774.000	0.000	30.000	30.000	81.540	81.745	0.000
775.000	0.000	30.000	30.000	81.540	81.707	0.000
776.000	0.000	30.000	30.000	81.520	81.676	0.000
777.000	0.000	30.000	30.000	81.380	81.633	0.000
778.000	0.000	30.000	30.000	81.340	81.580	0.000
779.000	0.000	30.000	30.000	81.310	81.531	0.000
780.000	0.000	30.000	30.000	81.040	81.459	0.000
781.000	0.000	30.000	30.000	80.840	81.351	0.000
782.000	0.000	30.000	30.000	80.590	81.216	0.000
783.000	0.000	30.000	30.000	80.360	81.058	0.000
784.000	0.000	30.000	30.000	80.350	80.908	0.000
785.000	0.000	30.000	30.000	80.240	80.779	0.000
786.000	0.000	30.000	30.000	80.050	80.645	0.000
787.000	0.000	30.000	30.000	79.780	80.489	0.000
788.000	0.000	30.000	30.000	79.880	80.349	0.000
789.000	0.000	30.000	30.000	79.850	80.249	0.000
790.000	0.000	30.000	30.000	79.550	80.133	0.000
791.000	0.000	30.000	30.000	79.290	79.981	0.000
792.000	0.000	30.000	30.000	78.890	79.789	0.000
793.000	0.000	30.000	30.000	78.650	79.569	0.000
794.000	0.000	30.000	30.000	78.580	79.363	0.000
795.000	0.000	30.000	30.000	78.550	79.192	0.000
796.000	0.000	30.000	30.000	78.450	79.044	0.000
797.000	0.000	30.000	30.000	78.300	78.902	0.000
798.000	0.000	30.000	30.000	77.870	78.727	0.000
799.000	0.000	30.000	30.000	77.560	78.507	0.000
800.000	0.000	30.000	30.000	77.280	78.271	0.000
801.000	0.000	30.000	30.000	76.850	78.008	0.000
802.000	0.000	30.000	30.000	76.980	77.771	0.000
803.000	0.000	30.000	30.000	76.980	77.601	0.000
804.000	0.000	30.000	30.000	77.150	77.489	0.000
805.000	0.000	30.000	30.000	77.150	77.420	0.000
806.000	0.000	30.000	30.000	76.890	77.338	0.000
807.000	0.000	30.000	30.000	76.440	77.195	0.000
808.000	0.000	30.000	30.000	76.380	77.027	0.000
809.000	0.000	30.000	30.000	75.930	76.839	0.000
810.000	0.000	30.000	30.000	75.980	76.648	0.000
811.000	0.000	30.000	30.000	75.820	76.488	0.000
812.000	0.000	30.000	30.000	75.720	76.334	0.000
813.000	0.000	30.000	30.000	75.820	76.215	0.000
814.000	0.000	30.000	30.000	75.320	76.078	0.000
815.000	0.000	30.000	30.000	75.270	75.910	0.000
816.000	0.000	30.000	30.000	75.430	75.792	0.000
817.000	0.000	30.000	30.000	75.400	75.715	0.000
818.000	0.000	30.000	30.000	75.370	75.648	0.000
819.000	0.000	30.000	30.000	75.160	75.570	0.000
820.000	0.000	30.000	30.000	75.080	75.477	0.000
821.000	0.000	30.000	30.000	75.160	75.404	0.000
822.000	0.000	30.000	30.000	74.920	75.330	0.000
823.000	0.000	30.000	30.000	74.750	75.226	0.000
824.000	0.000	30.000	30.000	74.740	75.126	0.000
825.000	0.000	30.000	30.000	74.540	75.024	0.000
826.000	0.000	30.000	30.000	74.440	74.912	0.000
827.000	0.000	30.000	30.000	74.450	74.815	0.000
828.000	0.000	30.000	30.000	74.280	74.721	0.000
829.000	0.000	30.000	30.000	74.110	74.611	0.000
830.000	0.000	30.000	30.000	73.900	74.482	0.000
831.000	0.000	30.000	30.000	73.870	74.356	0.000
832.000	0.000	30.000	30.000	73.530	74.216	0.000
833.000	0.000	30.000	30.000	73.540	74.071	0.000
834.000	0.000	30.000	30.000	73.430	73.947	0.000
835.000	0.000	30.000	30.000	73.500	73.846	0.000
836.000	0.000	30.000	30.000	73.410	73.766	0.000
837.000	0.000	30.000	30.000	73.330	73.684	0.000
838.000	0.000	30.000	30.000	73.430	73.623	0.000
839.000	0.000	30.000	30.000	73.080	73.548	0.000
840.000	0.000	30.000	30.000	73.010	73.442	0.000
841.000	0.000	30.000	30.000	72.750	73.324	0.000
842.000	0.000	30.000	30.000	72.720	73.199	0.000
843.000	0.000	30.000	30.000	72.440	73.067	0.000
844.000	0.000	30.000	30.000	72.250	72.913	0.000
845.000	0.000	30.000	30.000	72.280	72.775	0.000
846.000	0.000	30.000	30.000	72.240	72.666	0.000
847.000	0.000	30.000	30.000	72.290	72.584	0.000
848.000	0.000	30.000	30.000	71.890	72.480	0.000
849.000	0.000	30.000	30.000	71.610	72.323	0.000
850.000	0.000	30.000	30.000	71.420	72.149	0.000
851.000	0.000	30.000	30.000	71.640	72.018	0.000
852.000	0.000	30.000	30.000	71.550	71.930	0.000
853.000	0.000	30.000	30.000	71.460	71.842	0.000
854.000	0.000	30.000	30.000	71.190	71.733	0.000
855.000	0.000	30.000	30.000	70.980	71.595	0.000
856.000	0.000	30.000	30.000	70.880	71.453	0.000
857.000	0.000	30.000	30.000	70.930	71.337	0.000
858.000	0.000	30.000	30.000	70.630	71.219	0.000
859.000	0.000	30.000	30.000	70.520	71.082	0.000
860.000	0.000	30.000	30.000	70.390	70.948	0.000
861.000	0.000	30.000	30.000	70.070	70.794	0.000
862.000	0.000	30.000	30.000	69.810	70.610	0.000
863.000	0.000	30.000	30.000	69.720	70.427	0.000
864.000	0.000	30.000	30.000	69.710	70.274	0.000
865.000	0.000	30.000	30.000	69.820	70.167	0.000
866.000	0.000	30.000	30.000	69.690	70.082	0.000
867.000	0.000	30.000	30.000	69.700	70.002	0.000
868.000	0.000	30.000	30.000	69.840	69.957	0.000
869.000	0.000	30.000	30.000	69.770	69.930	0.000
870.000	0.000	30.000	30.000	69.730	69.896	0.000
871.000	0.000	30.000	30.000	69.500	69.840	0.000
872.000	0.000	30.000	30.000	69.630	69.785	0.000
873.000	0.000	30.000	30.000	69.500	69.743	0.000
874.000	0.000	30.000	30.000	69.460	69.691	0.000
875.000	0.000	30.000	30.000	69.340	69.633	0.000
876.000	0.000	30.000	30.000	69.160	69.554	0.000
877.000	0.000	30.000	30.000	68.940	69.448	0.000
878.000	0.000	30.000	30.000	68.930	69.340	0.000
879.000	0.000	30.000	30.000	68.860	69.247	0.000
880.000	0.000	30.000	30.000	68.700	69.149	0.000
881.000	0.000	30.000	30.000	68.580	69.042	0.000
882.000	0.000	30.000	30.000	68.260	68.909	0.000
883.000	0.000	30.000	30.000	68.190	68.762	0.000
884.000	0.000	30.000	30.000	68.080	68.629	0.000
885.000	0.000	30.000	30.000	68.180	68.524	0.000
886.000	0.000	30.000	30.000	68.130	68.448	0.000
887.000	0.000	30.000	30.000	68.080	68.378	0.000
888.000	0.000	30.000	30.000	67.880	68.295	0.000
889.000	0.000	30.000	30.000	67.880	68.209	0.000
890.000	0.000	30.000	30.000	67.900	68.144	0.000
891.000	0.000	30.000	30.000	68.090	68.117	0.000
892.000	0.000	30.000	30.000	67.860	68.092	0.000
893.000	0.000	30.000	30.000	67.700	68.029	0.000
894.000	0.000	30.000	30.000	67.460	67.935	0.000
895.000	0.000	30.000	30.000	67.550	67.845	0.000
896.000	0.000	30.000	30.000	67.310	67.759	0.000
897.000	0.000	30.000	30.000	67.350	67.669	0.000
898.000	0.000	30.000	30.000	67.170	67.584	0.000
899.000	0.000	30.000	30.000	67.140	67.495	0.000
900.000	0.000	30.000	30.000	66.950	67.401	0.000
901.000	0.000	30.000	30.000	66.770	67.286	0.000
902.000	0.000	30.000	30.000	66.570	67.155	0.000
903.000	0.000	30.000	30.000	66.600	67.033	0.000
904.000	0.000	30.000	30.000	66.620	66.945	0.000
905.000	0.000	30.000	30.000	66.710	66.889	0.000
906.000	0.000	30.000	30.000	66.720	66.857	0.000
907.000	0.000	30.000	30.000	66.710	66.832	0.000
908.000	0.000	30.000	30.000	66.670	66.806	0.000
909.000	0.000	30.000	30.000	66.710	66.787	0.000
910.000	0.000	30.000	30.000	66.570	66.761	0.000
911.000	0.000	30.000	30.000	66.490	66.716	0.000
912.000	0.000	30.000	30.000	66.380	66.659	0.000
913.000	0.000	30.000	30.000	66.310	66.595	0.000
914.000	0.000	30.000	30.000	66.290	66.536	0.000
915.000	0.000	30.000	30.000	65.910	66.445	0.000
916.000	0.000	30.000	30.000	66.060	66.348	0.000
917.000	0.000	30.000	30.000	65.890	66.271	0.000
918.000	0.000	30.000	30.000	65.720	66.173	0.000
919.000	0.000	30.000	30.000	65.530	66.057	0.000
920.000	0.000	30.000	30.000	65.310	65.920	0.000
921.000	0.000	30.000	30.000	65.240	65.782	0.000
922.000	0.000	30.000	30.000	65.230	65.666	0.000
923.000	0.000	30.000	30.000	65.190	65.570	0.000
924.000	0.000	30.000	30.000	65.100	65.481	0.000
925.000	0.000	30.000	30.000	65.140	65.407	0.000
926.000	0.000	30.000	30.000	64.990	65.337	0.000
927.000	0.000	30.000	30.000	64.870	65.252	0.000
928.000	0.000	30.000	30.000	64.790	65.164	0.000
929.000	0.000	30.000	30.000	64.620	65.067	0.000
930.000	0.000	30.000	30.000	64.710	64.984	0.000
931.000	0.000	30.000	30.000	64.880	64.948	0.000
932.000	0.000	30.000	30.000	64.800	64.930	0.000
933.000	0.000	30.000	30.000	64.730	64.900	0.000
934.000	0.000	30.000	30.000	64.860	64.883	0.000
935.000	0.000	30.000	30.000	64.810	64.878	0.000
936.000	0.000	30.000	30.000	64.610	64.847	0.000
937.000	0.000	30.000	30.000	64.490	64.787	0.000
938.000	0.000	30.000	30.000	64.260	64.701	0.000
939.000	0.000	30.000	30.000	64.300	64.613	0.000
940.000	0.000	30.000	30.000	64.270	64.546	0.000
941.000	0.000	30.000	30.000	64.090	64.470	0.000
942.000	0.000	30.000	30.000	64.120	64.395	0.000
943.000	0.000	30.000	30.000	64.020	64.328	0.000
944.000	0.000	30.000	30.000	64.030	64.267	0.000
945.000	0.000	30.000	30.000	63.680	64.181	0.000
946.000	0.000	30.000	30.000	63.570	64.062	0.000
947.000	0.000	30.000	30.000	63.330	63.931	0.000
948.000	0.000	30.000	30.000	63.230	63.792	0.000
949.000	0.000	30.000	30.000	63.170	63.665	0.000
950.000	0.000	30.000	30.000	63.450	63.592	0.000
951.000	0.000	30.000	30.000	63.270	63.546	0.000
952.000	0.000	30.000	30.000	63.340	63.498	0.000
953.000	0.000	30.000	30.000	63.430	63.479	0.000
954.000	0.000	30.000	30.000	63.310	63.461	0.000
955.000	0.000	30.000	30.000	63.280	63.430	0.000
956.000	0.000	30.000	30.000	63.040	63.376	0.000
957.000	0.000	30.000	30.000	63.020	63.305	0.000
958.000	0.000	30.000	30.000	62.950	63.239	0.000
959.000	0.000	30.000	30.000	62.670	63.149	0.000
960.000	0.000	30.000	30.000	62.540	63.033	0.000
961.000	0.000	30.000	30.000	62.510	62.926	0.000
962.000	0.000	30.000	30.000	62.330	62.818	0.000
963.000	0.000	30.000	30.000	62.220	62.703	0.000
964.000	0.000	30.000	30.000	62.040	62.581	0.000
965.000	0.000	30.000	30.000	61.940	62.454	0.000
966.000	0.000	30.000	30.000	62.050	62.357	0.000
967.000	0.000	30.000	30.000	62.150	62.306	0.000
968.000	0.000	30.000	30.000	61.940	62.254	0.000
969.000	0.000	30.000	30.000	61.850	62.179	0.000
970.000	0.000	30.000	30.000	61.560	62.079	0.000
971.000	0.000	30.000	30.000	61.570	61.970	0.000
972.000	0.000	30.000	30.000	61.410	61.868	0.000
973.000	0.000	30.000	30.000	61.290	61.758	0.000
974.000	0.000	30.000	30.000	61.380	61.669	0.000
975.000	0.000	30.000	30.000	61.230	61.594	0.000
976.000	0.000	30.000	30.000	61.220	61.517	0.000
977.000	0.000	30.000	30.000	61.280	61.463	0.000
978.000	0.000	30.000	30.000	61.210	61.421	0.000
979.000	0.000	30.000	30.000	61.120	61.369	0.000
980.000	0.000	30.000	30.000	61.080	61.315	0.000
981.000	0.000	30.000	30.000	61.030	61.263	0.000
982.000	0.000	30.000	30.000	60.820	61.193	0.000
983.000	0.000	30.000	30.000	61.000	61.136	0.000
984.000	0.000	30.000	30.000	60.840	61.093	0.000
985.000	0.000	30.000	30.000	60.920	61.052	0.000
986.000	0.000	30.000	30.000	60.650	60.998	0.000
987.000	0.000	30.000	30.000	60.690	60.930	0.000
988.000	0.000	30.000	30.000	60.630	60.876	0.000
989.000	0.000	30.000	30.000	60.570	60.820	0.000
990.000	0.000	30.000	30.000	60.500	60.762	0.000
991.000	0.000	30.000	30.000	60.340	60.691	0.000
992.000	0.000	30.000	30.000	60.240	60.607	0.000
993.000	0.000	30.000	30.000	60.310	60.539	0.000
994.000	0.000	30.000	30.000	60.470	60.512	0.000
995.000	0.000	30.000	30.000	60.510	60.513	0.000
996.000	0.000	30.000	30.000	60.720	60.542	0.000
997.000	0.000	30.000	30.000	60.620	60.577	0.000
998.000	0.000	30.000	30.000	60.610	60.591	0.000
999.000	0.000	30.000	30.000	60.460	60.585	0.000
1000.000	0.000	30.000	30.000	60.460	60.563	0.000
1001.000	0.000	30.000	30.000	60.410	60.540	0.000
1002.000	0.000	30.000	30.000	60.460	60.523	0.000
1003.000	0.000	30.000	30.000	60.430	60.511	0.000
1004.000	0.000	30.000	30.000	60.400	60.496	0.000
1005.000	0.000	30.000	30.000	60.250	60.463	0.000
1006.000	0.000	30.000	30.000	60.300	60.427	0.000
1007.000	0.000	30.000	30.000	60.250	60.399	0.000
1008.000	0.000	30.000	30.000	60.130	60.358	0.000
1009.000	0.000	30.000	30.000	60.070	60.306	0.000
1010.000	0.000	30.000	30.000	59.990	60.250	0.000
1011.000	0.000	30.000	30.000	59.930	60.191	0.000
1012.000	0.000	30.000	30.000	59.930	60.139	0.000
1013.000	0.000	30.000	30.000	59.760	60.079	0.000
1014.000	0.000	30.000	30.000	59.930	60.032	0.000
